47401
47402
47404
47405
47406
47407
47409
47411
47412
47413
47417
47418
47420
47421
47423
47424
47426
47428
47430
47433
47435
47440
47512
47520
47570
47574
47575
47576
47581
47582
47584
47585
47587
47588
47590
47592
47595
47597
47598
47600
47602
47604
47605
47606
47607
47610
47612
47615
47616
47617
47618
47620
47622
47624
47626
47629
47631
47632
47636
47637
47638
47639
47640
47641
47646
47648
47649
47651
47653
47654
47655
47656
47657
47662
47663
47666
47668
47670
47672
47674
47675
47677
47678
47682
47684
47690
47740
47741
47742
47744
47746
47747
47750
47754
47755
47756
47759
47761
47762
47765
47766
47767
47768
47769
47770
47772
47776
47777
47778
47780
47784
47800
47805
47807
47809
47812
47813
47814
47815
47817
47818
47819
47821
47822
47823
47824
47827
47829
47830
47831
47835
47836
47837
47838
47843
47887
47890
47891
47892
47893
47895
47897
47898
47899
47909
47912
47917
47918
47927
47929
47936
47940
47942
47945
47971
47991
89532